acceleration:
  e0:
    x: -0.08124247412102764
    y: 0.0820645865637156
    z: 0.45042924691543024
  e1:
    x: 0.011472101929596246
    y: 0.0019438698693963197
    z: -0.008039423760656028
angular_velocity:
  e0:
    x: -0.04502326530612245
    y: -0.0007601224489795923
    z: -0.022131510204081634