acceleration:
  e0:
    x: 0.046444413053251546
    y: 0.13127196164810717
    z: 0.28695725397680594
  e1:
    x: -0.0003606406462604017
    y: 0.0014140340628761017
    z: 0.0074414865970242605
angular_velocity:
  e0:
    x: -0.08171570643957517
    y: -0.01345041594105826
    z: -0.021844056358243224