laser_color:
  colortype: bgr
  rows: 1
  cols: 3
  min: [0.  , 0.  , 100.]
  max: [50. , 50. , 255.]
laser_equation:
  a: -0.9749686948454814
  b: 0.04013545797666251
  c: -0.2186897095985588
  d: 44.077740741702286

# -0.9749686948454814x + 0.04013545797666251y + -0.2186897095985588z + 44.077740741702286 = 0
# カメラとレーザの相対距離(右が正): 45.20939079863275