laser_color:
  colortype: bgr
  rows: 1
  cols: 3
  min: [0.  , 0.  , 100.]
  max: [50. , 50. , 255.]
laser_equation:
  a: -0.979232437878841
  b: 0.1198305645397269
  c: 0.16353736089332147
  d: 45.993735350527366